0 0 1.0 0.5235987755982988 0.17453292519943295 0.49999999999999994 -0.8660254037844387 0.015230870989335428 -8.495709211125344
1 0.1 1.0 0.5410520681182421 -0.331480969836797 0.5150380749100542 -0.8571673007021123 0.05493981668197175 -8.408811219887722
2 0.2 1.0 0.5079039711345624 -0.8058402664962915 0.4863468781789939 -0.8737658233677641 0.32468926755340705 -8.571642727237766
3 0.30000000000000004 1.0 0.42731994448493327 -1.1961648013047224 0.4144332295475038 -0.9100797208194599 0.715405115940183 -8.927882061238902
4 0.4 1.0 0.30770346435446105 -1.4575107668804903 0.302870765925359 -0.9530316359637735 1.0621688177862776 -9.349240348804619
5 0.5 1.0 0.161952387666412 -1.5625840164168388 0.1612453521158638 -0.9869143511070406 1.2208344041806898 -9.68162978436007
6 0.6 1.0 0.00569398602472812 -1.5071280663147957 0.005693955256871983 -0.999983789305373 1.1357175041368877 -9.80984097308571
7 0.7 1.0 -0.14501882060675145 -1.3085768483244269 -0.14451105278646725 -0.9895031862619478 0.856186683985345 -9.707026257229709
8 0.7999999999999999 1.0 -0.2758765054391942 -0.998552528331805 -0.2723904034590771 -0.9621868155942489 0.4985535759189201 -9.439052660979582
9 0.8999999999999999 1.0 -0.3757317582723747 -0.6136436253393502 -0.3669533376111199 -0.9302393498536059 0.18827924945981042 -9.125648022063874
10 0.9999999999999999 1.0 -0.4370961208063097 -0.18896217679109106 -0.4233103833590914 -0.90598472356899 0.01785335212881378 -8.887710138211792
11 1.0999999999999999 1.0 -0.4559923384854188 0.24391725103688783 -0.4403534762706811 -0.8978244906084523 0.02974781267669608 -8.807658252868917
12 1.2 1.0 -0.43160061338173006 0.6528068527093924 -0.4183251705467272 -0.9082973366068248 0.2130783934721712 -8.910396872112951
13 1.3 1.0 -0.36631992811079084 0.9935294351972799 -0.35818195938990416 -0.9336518001737099 0.493550369301713 -9.159124159704094
14 1.4000000000000001 1.0 -0.26696698459106283 1.227646664504365 -0.26380708233656563 -0.9645754627342894 0.7535581664343466 -9.462485289423379
15 1.5000000000000002 1.0 -0.1442023181406263 1.3309414707106682 -0.14370307291337453 -0.9896208500406878 0.8857025992287382 -9.708180538899148
16 1.6000000000000003 1.0 -0.011108171069559497 1.297553232468005 -0.0111079426287195 -0.999938304902136 0.8418221955440843 -9.809394771089954
17 1.7000000000000004 1.0 0.118647152177241 1.1393421541459015 0.11836897914872506 -0.9929696796857841 0.6490502721069116 -9.741032557717542
18 1.8000000000000005 1.0 0.23258136759183115 0.8807788013675177 0.2304901520622204 -0.9730746578769455 0.38788564846920065 -9.545862393772836
19 1.9000000000000006 1.0 0.3206592477285829 0.5521808986331517 0.3151922735075494 -0.9490278345344473 0.15245187240765745 -9.309963056782928
20 2.0000000000000004 1.0 0.37587733759189806 0.18444423406840516 0.367088757333704 -0.9301859191791698 0.017009837740540313 -9.125123867147657
21 2.1000000000000005 1.0 0.39432176099873856 -0.19328888622589846 0.384182088080812 -0.9232573439718025 0.01868029676922416 -9.057154544363383
22 2.2000000000000006 1.0 0.3749928723761487 -0.5516617161172612 0.36626589676842397 -0.9305102325414923 0.15216532451472087 -9.12830538123204
23 2.3000000000000007 1.0 0.31982670076442254 -0.8524818649842013 0.31440205412097466 -0.9492899179726454 0.36336266506347104 -9.312534095311651
24 2.400000000000001 1.0 0.2345785142660024 -1.0623305674377932 0.23243306392126956 -0.9726123949426981 0.5642731172563519 -9.54132759438787
25 2.500000000000001 1.0 0.1283454575222231 -1.1596784219247913 0.12799338465832394 -0.9917750216070711 0.6724270211389871 -9.729312961965368
26 2.600000000000001 1.0 0.012377615329743963 -1.1381992014608617 0.012377299279327 -0.9999233982973645 0.6477487111030716 -9.809248537297147
27 2.700000000000001 1.0 -0.10144230481634221 -1.0064674541160472 -0.10126841161025579 -0.99485914018515 0.5064883680974188 -9.759568165216322
28 2.800000000000001 1.0 -0.20208905022794693 -0.7842403413847692 -0.20071630410439043 -0.979649409363714 0.30751645652764964 -9.610360705858035
29 2.9000000000000012 1.0 -0.28051308436642386 -0.4972759294503792 -0.2768487146870616 -0.9609135180525467 0.12364167500536925 -9.426561612095483
30 3.0000000000000013 1.0 -0.3302406773114618 -0.17298427925362908 -0.32427070993525137 -0.9459643263242479 0.014961780434448764 -9.279910041240871
31 3.1000000000000014 1.0 -0.3475391052368247 0.16187776746456056 -0.3405850741044517 -0.9402137029937743 0.01310220579965517 -9.223496426368927
32 3.2000000000000015 1.0 -0.33135132849036864 0.4803627015105294 -0.3253211461120811 -0.9456035913068023 0.11537416250124698 -9.27637123071973
33 3.3000000000000016 1.0 -0.2833150583393157 0.7488228109382024 -0.279540079054776 -0.9601340240831222 0.28036780109069537 -9.418914776255429
34 3.4000000000000017 1.0 -0.20843277724549547 0.9377996628537981 -0.2069268521611932 -0.9783564165756055 0.4397341038243487 -9.59767644660669
35 3.5000000000000018 1.0 -0.11465281096011565 1.0280411094376207 -0.1144017857034046 -0.9934345632339718 0.528434261346867 -9.745593065325265
36 3.600000000000002 1.0 -0.011848700016353575 1.0132426991126757 -0.011848422775125664 -0.9999298049752002 0.5133303836525701 -9.809311386806714
37 3.700000000000002 1.0 0.08947556989491401 0.8999177190200937 0.08935622926600766 -0.9959997310699239 0.4049259505031641 -9.770757361795955
38 3.800000000000002 1.0 0.17946734179692336 0.7045575302725511 0.17850549563953558 -0.9839389147840855 0.24820065673187836 -9.652440754031879
39 3.900000000000002 1.0 0.24992309482417846 0.44951731273184553 0.24732944414282532 -0.9689314454903407 0.10103290722282991 -9.505217480260242
40 4.000000000000002 1.0 0.29487482609736304 0.15936736772525617 0.29062008118802024 -0.9568385278667809 0.01269897894783851 -9.386585958373121
41 4.100000000000001 1.0 0.31081156286988865 -0.14128819880998228 0.30583141446263656 -0.9520856820306579 0.009981177561484538 -9.339960540720755
42 4.200000000000001 1.0 0.2966827429888904 -0.4275839894528607 0.2923494898276785 -0.956311547455899 0.09141403401821205 -9.38141628054237
43 4.300000000000001 1.0 0.2539243440436043 -0.6694447944585364 0.2512043901188443 -0.9679340651020706 0.22407816641381606 -9.495433178651313
44 4.4 1.0 0.18697986459775068 -0.8406011857604445 0.1858922524185513 -0.9825701351510525 0.35330517675093265 -9.639013025831826
45 4.5 1.0 0.10291974602170623 -0.9237220485773887 0.10273814643678979 -0.9947084363102249 0.42663121151400385 -9.758089760203307
46 4.6 1.0 0.010547541163967347 -0.912737434030349 0.010547345594964785 -0.9999443752033912 0.41654481174015284 -9.809454320745267
47 4.699999999999999 1.0 -0.08072620223906755 -0.8128037734758848 -0.0806385524642778 -0.9967434092365326 0.33032498708831876 -9.778052844610386
48 4.799999999999999 1.0 -0.16200657958665604 -0.6380533673171926 -0.1612988346628707 -0.986905611462616 0.20355604977240419 -9.681544048448263
49 4.899999999999999 1.0 -0.22581191631837533 -0.40823188213321593 -0.22389773975061825 -0.9746126420966252 0.08332663479501395 -9.560950018967894
50 4.999999999999998 1.0 -0.2666351045316969 -0.1455848578858822 -0.2634869444521743 -0.9646629619215494 0.01059747542282626 -9.4633436564504
