0 0 0.07649802229777117 0.9970697330600953 0.7649802229777116 8.989697330600952
1 0.1 0.15299604459554234 1.8960394661201905 0.7649802229777116 8.008697330600953
2 0.2 0.2294940668933135 2.696909199180286 0.7649802229777116 7.027697330600953
3 0.30000000000000004 0.30599208919108467 3.399678932240381 0.7649802229777116 6.046697330600953
4 0.4 0.3824901114888558 4.004348665300476 0.7649802229777116 5.065697330600953
5 0.5 0.45898813378662695 4.510918398360571 0.7649802229777116 4.084697330600953
6 0.6 0.5354861560843981 4.919388131420667 0.7649802229777116 3.103697330600953
7 0.7 0.6119841783821692 5.229757864480762 0.7649802229777116 2.1226973306009533
8 0.7999999999999999 0.6884822006799404 5.442027597540857 0.7649802229777116 1.1416973306009532
9 0.8999999999999999 0.7649802229777115 5.556197330600953 0.7649802229777116 0.16069733060095315
10 0.9999999999999999 0.8414782452754827 5.572267063661048 0.7649802229777116 -0.820302669399047
11 1.0999999999999999 0.9179762675732538 5.490236796721144 0.7649802229777116 -1.801302669399047
12 1.2 0.9944742898710249 5.310106529781239 0.7649802229777116 -2.782302669399047
13 1.3 1.0709723121687962 5.031876262841334 0.7649802229777116 -3.763302669399047
14 1.4000000000000001 1.1474703344665673 4.655545995901429 0.7649802229777116 -4.744302669399047
15 1.5000000000000002 1.2239683567643385 4.181115728961524 0.7649802229777116 -5.7253026693990465
16 1.6000000000000003 1.3004663790621096 3.6085854620216193 0.7649802229777116 -6.706302669399046
17 1.7000000000000004 1.3769644013598807 2.937955195081715 0.7649802229777116 -7.687302669399046
18 1.8000000000000005 1.4534624236576519 2.1692249281418103 0.7649802229777116 -8.668302669399047
19 1.9000000000000006 1.529960445955423 1.3023946612019057 0.7649802229777116 -9.649302669399047
